# frame times for dvs-video.avi
# frame# time(s)
0	  0.008195
1	  0.013195
2	  0.018195
3	  0.023195
4	  0.028195
5	  0.033195
6	  0.038195
7	  0.043195
8	  0.048195
9	  0.053195
10	  0.058195
11	  0.063195
12	  0.068195
13	  0.073195
14	  0.078195
15	  0.083195
16	  0.088195
17	  0.093195
18	  0.098195
19	  0.103195
20	  0.108195
21	  0.113195
22	  0.118195
23	  0.123195
24	  0.128195
25	  0.133195
26	  0.138195
27	  0.143195
28	  0.148195
29	  0.153195
30	  0.158195
31	  0.163195
32	  0.168195
33	  0.173195
34	  0.178195
35	  0.183195
36	  0.188195
37	  0.193195
38	  0.198195
39	  0.203195
40	  0.208195
41	  0.213195
42	  0.218195
43	  0.223195
44	  0.228195
45	  0.233195
46	  0.238195
47	  0.243195
48	  0.248195
49	  0.253195
50	  0.258195
51	  0.263195
52	  0.268195
53	  0.273195
54	  0.278195
55	  0.283195
56	  0.288195
57	  0.293195
58	  0.298195
59	  0.303195
60	  0.308195
61	  0.313195
62	  0.318195
63	  0.323195
64	  0.328195
65	  0.333195
66	  0.338195
67	  0.343195
68	  0.348195
69	  0.353195
70	  0.358195
71	  0.363195
72	  0.368195
73	  0.373195
74	  0.378195
75	  0.383195
76	  0.388195
77	  0.393195
78	  0.398195
79	  0.403195
80	  0.408195
81	  0.413195
82	  0.418195
83	  0.423195
84	  0.428195
85	  0.433195
86	  0.438195
87	  0.443195
88	  0.448195
89	  0.453195
90	  0.458195
91	  0.463195
92	  0.468195
93	  0.473195
94	  0.478195
95	  0.483195
96	  0.488195
97	  0.493195
98	  0.498195
99	  0.503195
100	  0.508195
101	  0.513195
102	  0.518195
103	  0.523195
104	  0.528195
105	  0.533195
106	  0.538195
107	  0.543195
108	  0.548195
109	  0.553195
110	  0.558195
111	  0.563195
112	  0.568195
113	  0.573195
114	  0.578195
115	  0.583195
116	  0.588195
117	  0.593195
118	  0.598195
119	  0.603195
120	  0.608195
121	  0.613195
122	  0.618195
123	  0.623195
124	  0.628195
125	  0.633195
126	  0.638195
127	  0.643195
128	  0.648195
129	  0.653195
130	  0.658195
131	  0.663195
132	  0.668195
133	  0.673195
134	  0.678195
135	  0.683195
136	  0.688195
137	  0.693195
138	  0.698195
139	  0.703195
140	  0.708195
141	  0.713195
142	  0.718195
143	  0.723195
144	  0.728195
145	  0.733195
146	  0.738195
147	  0.743195
148	  0.748195
149	  0.753195
150	  0.758195
151	  0.763195
152	  0.768195
153	  0.773195
154	  0.778195
155	  0.783195
156	  0.788195
157	  0.793195
158	  0.798195
159	  0.803195
160	  0.808195
161	  0.813195
162	  0.818195
163	  0.823195
164	  0.828195
165	  0.833195
166	  0.838195
167	  0.843195
168	  0.848195
169	  0.853195
170	  0.858195
171	  0.863195
172	  0.868195
173	  0.873195
174	  0.878195
175	  0.883195
176	  0.888195
177	  0.893195
178	  0.898195
179	  0.903195
180	  0.908195
181	  0.913195
182	  0.918195
183	  0.923195
184	  0.928195
185	  0.933195
186	  0.938195
187	  0.943195
188	  0.948195
189	  0.953195
190	  0.958195
191	  0.963195
192	  0.968195
193	  0.973195
194	  0.978195
195	  0.983195
196	  0.988195
197	  0.993195
198	  0.998195
199	  1.003195
200	  1.008195
201	  1.013195
202	  1.018195
203	  1.023195
204	  1.028195
205	  1.033195
206	  1.038195
207	  1.043195
208	  1.048195
209	  1.053195
210	  1.058195
211	  1.063195
212	  1.068195
213	  1.073195
214	  1.078195
215	  1.083195
216	  1.088195
217	  1.093195
218	  1.098195
219	  1.103195
220	  1.108195
221	  1.113195
222	  1.118195
223	  1.123195
224	  1.128195
225	  1.133195
226	  1.138195
227	  1.143195
228	  1.148195
229	  1.153195
230	  1.158195
231	  1.163195
232	  1.168195
233	  1.173195
234	  1.178195
235	  1.183195
236	  1.188195
237	  1.193195
238	  1.198195
239	  1.203195
240	  1.208195
241	  1.213195
242	  1.218195
243	  1.223195
244	  1.228195
245	  1.233195
246	  1.238195
247	  1.243195
248	  1.248195
249	  1.253195
250	  1.258195
251	  1.263195
252	  1.268195
253	  1.273195
254	  1.278195
255	  1.283195
256	  1.288195
257	  1.293195
258	  1.298195
259	  1.303195
260	  1.308195
261	  1.313195
262	  1.318195
263	  1.323195
264	  1.328195
265	  1.333195
266	  1.338195
267	  1.343195
268	  1.348195
269	  1.353195
270	  1.358195
271	  1.363195
272	  1.368195
273	  1.373195
274	  1.378195
275	  1.383195
276	  1.388195
277	  1.393195
278	  1.398195
279	  1.403195
280	  1.408195
281	  1.413195
282	  1.418195
283	  1.423195
284	  1.428195
285	  1.433195
286	  1.438195
287	  1.443195
288	  1.448195
289	  1.453195
290	  1.458195
291	  1.463195
292	  1.468195
293	  1.473195
294	  1.478195
295	  1.483195
296	  1.488195
297	  1.493195
298	  1.498195
299	  1.503195
300	  1.508195
301	  1.513195
302	  1.518195
303	  1.523195
304	  1.528195
305	  1.533195
306	  1.538195
307	  1.543195
308	  1.548195
309	  1.553195
310	  1.558195
311	  1.563195
312	  1.568195
313	  1.573195
314	  1.578195
315	  1.583195
316	  1.588195
317	  1.593195
318	  1.598195
319	  1.603195
320	  1.608195
321	  1.613195
322	  1.618195
323	  1.623195
324	  1.628195
325	  1.633195
326	  1.638195
327	  1.643195
328	  1.648195
329	  1.653195
330	  1.658195
331	  1.663195
332	  1.668195
333	  1.673195
334	  1.678195
335	  1.683195
336	  1.688195
337	  1.693195
338	  1.698195
339	  1.703195
340	  1.708195
341	  1.713195
342	  1.718195
343	  1.723195
344	  1.728195
345	  1.733195
346	  1.738195
347	  1.743195
348	  1.748195
349	  1.753195
350	  1.758195
351	  1.763195
352	  1.768195
353	  1.773195
354	  1.778195
355	  1.783195
356	  1.788195
357	  1.793195
358	  1.798195
359	  1.803195
360	  1.808195
361	  1.813195
362	  1.818195
363	  1.823195
364	  1.828195
365	  1.833195
366	  1.838195
367	  1.843195
368	  1.848195
369	  1.853195
370	  1.858195
371	  1.863195
372	  1.868195
373	  1.873195
374	  1.878195
375	  1.883195
376	  1.888195
377	  1.893195
378	  1.898195
379	  1.903195
380	  1.908195
381	  1.913195
382	  1.918195
383	  1.923195
384	  1.928195
385	  1.933195
386	  1.938195
387	  1.943195
388	  1.948195
389	  1.953195
390	  1.958195
391	  1.963195
392	  1.968195
393	  1.973195
394	  1.978195
395	  1.983195
396	  1.988195
397	  1.993195
398	  1.998195
399	  2.003195
400	  2.008195
401	  2.013195
402	  2.018195
403	  2.023195
404	  2.028195
405	  2.033195
406	  2.038195
407	  2.043195
408	  2.048195
409	  2.053195
410	  2.058195
411	  2.063195
412	  2.068195
413	  2.073195
414	  2.078195
415	  2.083195
416	  2.088195
417	  2.093195
418	  2.098195
419	  2.103195
420	  2.108195
421	  2.113195
422	  2.118195
423	  2.123195
424	  2.128195
425	  2.133195
426	  2.138195
427	  2.143195
428	  2.148195
429	  2.153195
430	  2.158195
431	  2.163195
432	  2.168195
433	  2.173195
434	  2.178195
435	  2.183195
436	  2.188195
437	  2.193195
438	  2.198195
439	  2.203195
440	  2.208195
441	  2.213195
442	  2.218195
443	  2.223195
444	  2.228195
445	  2.233195
446	  2.238195
447	  2.243195
448	  2.248195
449	  2.253195
450	  2.258195
451	  2.263195
452	  2.268195
453	  2.273195
454	  2.278195
455	  2.283195
456	  2.288195
457	  2.293195
458	  2.298195
459	  2.303195
460	  2.308195
461	  2.313195
462	  2.318195
463	  2.323195
464	  2.328195
465	  2.333195
466	  2.338195
467	  2.343195
468	  2.348195
469	  2.353195
470	  2.358195
471	  2.363195
472	  2.368195
473	  2.373195
474	  2.378195
475	  2.383195
476	  2.388195
477	  2.393195
478	  2.398195
479	  2.403195
480	  2.408195
481	  2.413195
482	  2.418195
483	  2.423195
484	  2.428195
485	  2.433195
486	  2.438195
487	  2.443195
488	  2.448195
489	  2.453195
490	  2.458195
491	  2.463195
492	  2.468195
493	  2.473195
494	  2.478195
495	  2.483195
496	  2.488195
497	  2.493195
498	  2.498195
499	  2.503195
500	  2.508195
501	  2.513195
502	  2.518195
503	  2.523195
504	  2.528195
505	  2.533195
506	  2.538195
507	  2.543195
508	  2.548195
509	  2.553195
510	  2.558195
511	  2.563195
512	  2.568195
513	  2.573195
514	  2.578195
515	  2.583195
516	  2.588195
517	  2.593195
518	  2.598195
519	  2.603195
520	  2.608195
521	  2.613195
522	  2.618195
523	  2.623195
524	  2.628195
525	  2.633195
526	  2.638195
527	  2.643195
528	  2.648195
529	  2.653195
530	  2.658195
531	  2.663195
532	  2.668195
533	  2.673195
534	  2.678195
535	  2.683195
536	  2.688195
537	  2.693195
538	  2.698195
539	  2.703195
540	  2.708195
541	  2.713195
542	  2.718195
543	  2.723195
544	  2.728195
545	  2.733195
546	  2.738195
547	  2.743195
548	  2.748195
549	  2.753195
550	  2.758195
551	  2.763195
552	  2.768195
553	  2.773195
554	  2.778195
555	  2.783195
556	  2.788195
557	  2.793195
558	  2.798195
559	  2.803195
560	  2.808195
561	  2.813195
562	  2.818195
563	  2.823195
564	  2.828195
565	  2.833195
566	  2.838195
567	  2.843195
568	  2.848195
569	  2.853195
570	  2.858195
571	  2.863195
572	  2.868195
573	  2.873195
574	  2.878195
575	  2.883195
576	  2.888195
577	  2.893195
578	  2.898195
579	  2.903195
580	  2.908195
581	  2.913195
582	  2.918195
583	  2.923195
584	  2.928195
585	  2.933195
586	  2.938195
587	  2.943195
588	  2.948195
589	  2.953195
590	  2.958195
591	  2.963195
592	  2.968195
593	  2.973195
594	  2.978195
595	  2.983195
596	  2.988195
597	  2.993195
598	  2.998195
