0.134722217917442322
0.267857134342193604
0.402380943298339844
0.535833358764648438
0.684615373611450195
0.817708313465118408
0.955555558204650768
1.086111068725585938
1.234722256660461426
1.368181824684143066
1.517857193946838379
1.651666641235351562
1.786666631698608398
1.934999942779541016
2.067857027053833008
2.203571319580078125
2.338596582412720171
2.486111164093017578
2.619047641754150391
2.768181800842285156
2.901388883590698242
3.041025638580322266
3.169697046279907227
3.319230794906616211
3.453333377838134766
3.601388931274413618
3.734999895095825195
3.871794939041137695
4.017777919769287109
4.152083396911621094
4.301111221313477451
4.434210300445556641
4.574242591857910156
4.704166889190673828
4.852222442626953125
4.984615325927733487
5.134722232818604404
5.267948627471923828
5.404166698455810547
5.541666507720947266
5.685897350311278409
5.821111202239990234
5.967948913574218750
6.102222442626952237
6.235833168029785156
6.384722232818604404
6.517777919769287109
6.668181896209717685
6.787499904632567471
6.938461303710937500
7.069047451019287109
7.219047546386718750
7.351666450500487393
7.501389026641846591
7.635000228881835938
7.771428585052490234
7.917778015136718750
8.052083015441894531
8.201110839843750000
8.334210395812986505
8.475000381469728339
8.602777481079103339
8.752222061157228339
8.884721755981445312
8.998888969421386719
