0.159308433532714844
0.312133371829986572
0.459401041269302424
0.612226009368896484
0.762272298336029053
0.917644321918487549
1.067922234535217285
1.226304411888122559
1.373572111129760742
1.531954288482666016
1.679221987724304199
1.840382814407348855
1.984871864318848100
2.148811340332031250
2.290521860122680664
2.457239866256713867
2.598950386047363725
2.765668392181396484
2.907378911972046343
3.074096918106078657
3.215807437896728516
3.382525444030761719
3.524235963821411133
3.688175439834594282
3.832664489746093750
3.996603965759276900
4.141092777252196377
4.305032253265381748
4.449521541595458984
4.610682487487792969
4.757949829101562500
4.919110774993896484
5.066378593444824219
5.224760532379150391
5.374575614929199219
5.533189296722412109
5.680225372314452237
5.838839054107666016
5.988885402679442471
6.144488811492919922
6.297314167022705078
6.452917575836182529
6.605742454528808594
6.758567333221436435
6.913939476013183594
7.066996097564697266
7.222229003906250000
7.372645854949951172
7.531028270721435547
7.678295612335205078
7.836678028106689453
7.983945846557617188
8.147885322570799005
8.292374610900878906
8.456314086914062500
8.598024368286132812
8.764511108398437500
8.906452178955078125
8.999073982238769531
