# frame times for dvs-video.avi
# frame# time(s)
0	  0.008427
1	  0.013427
2	  0.018427
3	  0.023427
4	  0.028427
5	  0.033427
6	  0.038427
7	  0.043427
8	  0.048427
9	  0.053427
10	  0.058427
11	  0.063427
12	  0.068427
13	  0.073427
14	  0.078427
15	  0.083427
16	  0.088427
17	  0.093427
18	  0.098427
19	  0.103427
20	  0.108427
21	  0.113427
22	  0.118427
23	  0.123427
24	  0.128427
25	  0.133427
26	  0.138427
27	  0.143427
28	  0.148427
29	  0.153427
30	  0.158427
31	  0.163427
32	  0.168427
33	  0.173427
34	  0.178427
35	  0.183427
36	  0.188427
37	  0.193427
38	  0.198427
39	  0.203427
40	  0.208427
41	  0.213427
42	  0.218427
43	  0.223427
44	  0.228427
45	  0.233427
46	  0.238427
47	  0.243427
48	  0.248427
49	  0.253427
50	  0.258427
51	  0.263427
52	  0.268427
53	  0.273427
54	  0.278427
55	  0.283427
56	  0.288427
57	  0.293427
58	  0.298427
59	  0.303427
60	  0.308427
61	  0.313427
62	  0.318427
63	  0.323427
64	  0.328427
65	  0.333427
66	  0.338427
67	  0.343427
68	  0.348427
69	  0.353427
70	  0.358427
71	  0.363427
72	  0.368427
73	  0.373427
74	  0.378427
75	  0.383427
76	  0.388427
77	  0.393427
78	  0.398427
79	  0.403427
80	  0.408427
81	  0.413427
82	  0.418427
83	  0.423427
84	  0.428427
85	  0.433427
86	  0.438427
87	  0.443427
88	  0.448427
89	  0.453427
90	  0.458427
91	  0.463427
92	  0.468427
93	  0.473427
94	  0.478427
95	  0.483427
96	  0.488427
97	  0.493427
98	  0.498427
99	  0.503427
100	  0.508427
101	  0.513427
102	  0.518427
103	  0.523427
104	  0.528427
105	  0.533427
106	  0.538427
107	  0.543427
108	  0.548427
109	  0.553427
110	  0.558427
111	  0.563427
112	  0.568427
113	  0.573427
114	  0.578427
115	  0.583427
116	  0.588427
117	  0.593427
118	  0.598427
119	  0.603427
120	  0.608427
121	  0.613427
122	  0.618427
123	  0.623427
124	  0.628427
125	  0.633427
126	  0.638427
127	  0.643427
128	  0.648427
129	  0.653427
130	  0.658427
131	  0.663427
132	  0.668427
133	  0.673427
134	  0.678427
135	  0.683427
136	  0.688427
137	  0.693427
138	  0.698427
139	  0.703427
140	  0.708427
141	  0.713427
142	  0.718427
143	  0.723427
144	  0.728427
145	  0.733427
146	  0.738427
147	  0.743427
148	  0.748427
149	  0.753427
150	  0.758427
151	  0.763427
152	  0.768427
153	  0.773427
154	  0.778427
155	  0.783427
156	  0.788427
157	  0.793427
158	  0.798427
159	  0.803427
160	  0.808427
161	  0.813427
162	  0.818427
163	  0.823427
164	  0.828427
165	  0.833427
166	  0.838427
167	  0.843427
168	  0.848427
169	  0.853427
170	  0.858427
171	  0.863427
172	  0.868427
173	  0.873427
174	  0.878427
175	  0.883427
176	  0.888427
177	  0.893427
178	  0.898427
179	  0.903427
180	  0.908427
181	  0.913427
182	  0.918427
183	  0.923427
184	  0.928427
185	  0.933427
186	  0.938427
187	  0.943427
188	  0.948427
189	  0.953427
190	  0.958427
191	  0.963427
192	  0.968427
193	  0.973427
194	  0.978427
195	  0.983427
196	  0.988427
197	  0.993427
198	  0.998427
199	  1.003427
200	  1.008427
201	  1.013427
202	  1.018427
203	  1.023427
204	  1.028427
205	  1.033427
206	  1.038427
207	  1.043427
208	  1.048427
209	  1.053427
210	  1.058427
211	  1.063427
212	  1.068427
213	  1.073427
214	  1.078427
215	  1.083427
216	  1.088427
217	  1.093427
218	  1.098427
219	  1.103427
220	  1.108427
221	  1.113427
222	  1.118427
223	  1.123427
224	  1.128427
225	  1.133427
226	  1.138427
227	  1.143427
228	  1.148427
229	  1.153427
230	  1.158427
231	  1.163427
232	  1.168427
233	  1.173427
234	  1.178427
235	  1.183427
236	  1.188427
237	  1.193427
238	  1.198427
239	  1.203427
240	  1.208427
241	  1.213427
242	  1.218427
243	  1.223427
244	  1.228427
245	  1.233427
246	  1.238427
247	  1.243427
248	  1.248427
249	  1.253427
250	  1.258427
251	  1.263427
252	  1.268427
253	  1.273427
254	  1.278427
255	  1.283427
256	  1.288427
257	  1.293427
258	  1.298427
259	  1.303427
260	  1.308427
261	  1.313427
262	  1.318427
263	  1.323427
264	  1.328427
265	  1.333427
266	  1.338427
267	  1.343427
268	  1.348427
269	  1.353427
270	  1.358427
271	  1.363427
272	  1.368427
273	  1.373427
274	  1.378427
275	  1.383427
276	  1.388427
277	  1.393427
278	  1.398427
279	  1.403427
280	  1.408427
281	  1.413427
282	  1.418427
283	  1.423427
284	  1.428427
285	  1.433427
286	  1.438427
287	  1.443427
288	  1.448427
289	  1.453427
290	  1.458427
291	  1.463427
292	  1.468427
293	  1.473427
294	  1.478427
295	  1.483427
296	  1.488427
297	  1.493427
298	  1.498427
299	  1.503427
300	  1.508427
301	  1.513427
302	  1.518427
303	  1.523427
304	  1.528427
305	  1.533427
306	  1.538427
307	  1.543427
308	  1.548427
309	  1.553427
310	  1.558427
311	  1.563427
312	  1.568427
313	  1.573427
314	  1.578427
315	  1.583427
316	  1.588427
317	  1.593427
318	  1.598427
319	  1.603427
320	  1.608427
321	  1.613427
322	  1.618427
323	  1.623427
324	  1.628427
325	  1.633427
326	  1.638427
327	  1.643427
328	  1.648427
329	  1.653427
330	  1.658427
331	  1.663427
332	  1.668427
333	  1.673427
334	  1.678427
335	  1.683427
336	  1.688427
337	  1.693427
338	  1.698427
339	  1.703427
340	  1.708427
341	  1.713427
342	  1.718427
343	  1.723427
344	  1.728427
345	  1.733427
346	  1.738427
347	  1.743427
348	  1.748427
349	  1.753427
350	  1.758427
351	  1.763427
352	  1.768427
353	  1.773427
354	  1.778427
355	  1.783427
356	  1.788427
357	  1.793427
358	  1.798427
359	  1.803427
360	  1.808427
361	  1.813427
362	  1.818427
363	  1.823427
364	  1.828427
365	  1.833427
366	  1.838427
367	  1.843427
368	  1.848427
369	  1.853427
370	  1.858427
371	  1.863427
372	  1.868427
373	  1.873427
374	  1.878427
375	  1.883427
376	  1.888427
377	  1.893427
378	  1.898427
379	  1.903427
380	  1.908427
381	  1.913427
382	  1.918427
383	  1.923427
384	  1.928427
385	  1.933427
386	  1.938427
387	  1.943427
388	  1.948427
389	  1.953427
390	  1.958427
391	  1.963427
392	  1.968427
393	  1.973427
394	  1.978427
395	  1.983427
396	  1.988427
397	  1.993427
398	  1.998427
399	  2.003427
400	  2.008427
401	  2.013427
402	  2.018427
403	  2.023427
404	  2.028427
405	  2.033427
406	  2.038427
407	  2.043427
408	  2.048427
409	  2.053427
410	  2.058427
411	  2.063427
412	  2.068427
413	  2.073427
414	  2.078427
415	  2.083427
416	  2.088427
417	  2.093427
418	  2.098427
419	  2.103427
420	  2.108427
421	  2.113427
422	  2.118427
423	  2.123427
424	  2.128427
425	  2.133427
426	  2.138427
427	  2.143427
428	  2.148427
429	  2.153427
430	  2.158427
431	  2.163427
432	  2.168427
433	  2.173427
434	  2.178427
435	  2.183427
436	  2.188427
437	  2.193427
438	  2.198427
439	  2.203427
440	  2.208427
441	  2.213427
442	  2.218427
443	  2.223427
444	  2.228427
445	  2.233427
446	  2.238427
447	  2.243427
448	  2.248427
449	  2.253427
450	  2.258427
451	  2.263427
452	  2.268427
453	  2.273427
454	  2.278427
455	  2.283427
456	  2.288427
457	  2.293427
458	  2.298427
459	  2.303427
460	  2.308427
461	  2.313427
462	  2.318427
463	  2.323427
464	  2.328427
465	  2.333427
466	  2.338427
467	  2.343427
468	  2.348427
469	  2.353427
470	  2.358427
471	  2.363427
472	  2.368427
473	  2.373427
474	  2.378427
475	  2.383427
476	  2.388427
477	  2.393427
478	  2.398427
479	  2.403427
480	  2.408427
481	  2.413427
482	  2.418427
483	  2.423427
484	  2.428427
485	  2.433427
486	  2.438427
487	  2.443427
488	  2.448427
489	  2.453427
490	  2.458427
491	  2.463427
492	  2.468427
493	  2.473427
494	  2.478427
495	  2.483427
496	  2.488427
497	  2.493427
498	  2.498427
499	  2.503427
500	  2.508427
501	  2.513427
502	  2.518427
503	  2.523427
504	  2.528427
505	  2.533427
506	  2.538427
507	  2.543427
508	  2.548427
509	  2.553427
510	  2.558427
511	  2.563427
512	  2.568427
513	  2.573427
514	  2.578427
515	  2.583427
516	  2.588427
517	  2.593427
518	  2.598427
519	  2.603427
520	  2.608427
521	  2.613427
522	  2.618427
523	  2.623427
524	  2.628427
525	  2.633427
526	  2.638427
527	  2.643427
528	  2.648427
529	  2.653427
530	  2.658427
531	  2.663427
532	  2.668427
533	  2.673427
534	  2.678427
535	  2.683427
536	  2.688427
537	  2.693427
538	  2.698427
539	  2.703427
540	  2.708427
541	  2.713427
542	  2.718427
543	  2.723427
544	  2.728427
545	  2.733427
546	  2.738427
547	  2.743427
548	  2.748427
549	  2.753427
550	  2.758427
551	  2.763427
552	  2.768427
553	  2.773427
554	  2.778427
555	  2.783427
556	  2.788427
557	  2.793427
558	  2.798427
559	  2.803427
560	  2.808427
561	  2.813427
562	  2.818427
563	  2.823427
564	  2.828427
565	  2.833427
566	  2.838427
567	  2.843427
568	  2.848427
569	  2.853427
570	  2.858427
571	  2.863427
572	  2.868427
573	  2.873427
574	  2.878427
575	  2.883427
576	  2.888427
577	  2.893427
578	  2.898427
579	  2.903427
580	  2.908427
581	  2.913427
582	  2.918427
583	  2.923427
584	  2.928427
585	  2.933427
586	  2.938427
587	  2.943427
588	  2.948427
589	  2.953427
590	  2.958427
591	  2.963427
592	  2.968427
593	  2.973427
594	  2.978427
595	  2.983427
596	  2.988427
597	  2.993427
598	  2.998427
